layout_spectrum: 0.9924115
typography_spectrum: 0
color:
  saturation: 0.007339302
  lightness: 0.8436512
  brandStrength: 0.8887771
  rhythmicContrast: 0.8668395
name: Mindful Long Beach
